TileMapBegin
0 0 0 ~ 1  1  1  1
64 0 0 ~ 1  1  1  1
128 0 0 ~ 1  1  1  1
192 0 0 ~ 1  1  1  1
256 0 0 ~ 1  1  1  1
320 0 0 ~ 1  1  1  1
384 0 0 ~ 1  1  1  1
448 0 0 ~ 1  1  1  1
512 0 0 ~ 1  1  1  1
576 0 0 ~ 1  1  1  1
640 0 0 ~ 1  1  1  1
704 0 0 ~ 1  1  1  1
768 0 0 ~ 1  1  1  1
832 0 0 ~ 1  1  1  1
896 0 0 ~ 1  1  1  1
960 0 0 ~ 1  1  1  1
1024 0 0 ~ 1  1  1  1
1088 0 0 ~ 1  1  1  1
1152 0 0 ~ 1  1  1  1
1216 0 0 ~ 1  1  1  1
1280 0 0 ~ 1  1  1  1
1344 0 0 ~ 1  1  1  1
1408 0 0 ~ 1  1  1  1
1472 0 0 ~ 1  1  1  1
1536 0 0 ~ 1  1  1  1
1600 0 0 ~ 1  1  1  1
1664 0 0 ~ 1  1  1  1
1728 0 0 ~ 1  1  1  1
1792 0 0 ~ 1  1  1  1
1856 0 0 ~ 1  1  1  1
1920 0 0 ~ 1  1  1  1
1984 0 0 ~ 1  1  1  1
2048 0 0 ~ 1  1  1  1
2112 0 0 ~ 1  1  1  1
2176 0 0 ~ 1  1  1  1
2240 0 0 ~ 1  1  1  1
2304 0 0 ~ 1  1  1  1
2368 0 0 ~ 1  1  1  1
2432 0 0 ~ 1  1  1  1
2496 0 0 ~ 1  1  1  1
2560 0 0 ~ 1  1  1  1
2624 0 0 ~ 1  1  1  1
2688 0 0 ~ 1  1  1  1
2752 0 0 ~ 1  1  1  1
2816 0 0 ~ 1  1  1  1
2880 0 0 ~ 1  1  1  1
2944 0 0 ~ 1  1  1  1
3008 0 0 ~ 1  1  1  1
0 64 0 ~ 1  1  1  1
64 64 0 ~ 1  1  1  1
128 64 0 ~ 1  1  1  1
192 64 0 ~ 1  1  1  1
256 64 0 ~ 1  1  1  1
320 64 0 ~ 1  1  1  1
384 64 0 ~ 1  1  1  1
448 64 0 ~ 1  1  1  1
512 64 0 ~ 1  1  1  1
576 64 0 ~ 1  1  1  1
640 64 0 ~ 1  1  1  1
704 64 0 ~ 1  1  1  1
768 64 0 ~ 1  1  1  1
832 64 0 ~ 1  1  1  1
896 64 0 ~ 1  1  1  1
960 64 0 ~ 1  1  1  1
1024 64 0 ~ 1  1  1  1
1088 64 0 ~ 1  1  1  1
1152 64 0 ~ 1  1  1  1
1216 64 0 ~ 1  1  1  1
1280 64 0 ~ 1  1  1  1
1344 64 0 ~ 1  1  1  1
1408 64 0 ~ 1  1  1  1
1472 64 0 ~ 1  1  1  1
1536 64 0 ~ 1  1  1  1
1600 64 0 ~ 1  1  1  1
1664 64 0 ~ 1  1  1  1
1728 64 0 ~ 1  1  1  1
1792 64 0 ~ 1  1  1  1
1856 64 0 ~ 1  1  1  1
1920 64 0 ~ 1  1  1  1
1984 64 0 ~ 1  1  1  1
2048 64 0 ~ 1  1  1  1
2112 64 0 ~ 1  1  1  1
2176 64 0 ~ 1  1  1  1
2240 64 0 ~ 1  1  1  1
2304 64 0 ~ 1  1  1  1
2368 64 0 ~ 1  1  1  1
2432 64 0 ~ 1  1  1  1
2496 64 0 ~ 1  1  1  1
2560 64 0 ~ 1  1  1  1
2624 64 0 ~ 1  1  1  1
2688 64 0 ~ 1  1  1  1
2752 64 0 ~ 1  1  1  1
2816 64 0 ~ 1  1  1  1
2880 64 0 ~ 1  1  1  1
2944 64 0 ~ 1  1  1  1
3008 64 0 ~ 1  1  1  1
0 128 0 ~ 1  1  1  1
64 128 0 ~ 1  1  1  1
128 128 0 ~ 1  1  1  1
192 128 0 ~ 1  1  1  1
256 128 0 ~ 1  1  1  1
320 128 0 ~ 1  1  1  1
384 128 0 ~ 1  1  1  1
448 128 0 ~ 1  1  1  1
512 128 0 ~ 1  1  1  1
576 128 0 ~ 1  1  1  1
640 128 0 ~ 1  1  1  1
704 128 0 ~ 1  1  1  1
768 128 0 ~ 1  1  1  1
832 128 0 ~ 1  1  1  1
896 128 0 ~ 1  1  1  1
960 128 0 ~ 1  1  1  1
1024 128 0 ~ 1  1  1  1
1088 128 0 ~ 1  1  1  1
1152 128 0 ~ 1  1  1  1
1216 128 0 ~ 1  1  1  1
1280 128 0 ~ 1  1  1  1
1344 128 0 ~ 1  1  1  1
1408 128 0 ~ 1  1  1  1
1472 128 0 ~ 1  1  1  1
1536 128 0 ~ 1  1  1  1
1600 128 0 ~ 1  1  1  1
1664 128 0 ~ 1  1  1  1
1728 128 0 ~ 1  1  1  1
1792 128 0 ~ 1  1  1  1
1856 128 0 ~ 1  1  1  1
1920 128 0 ~ 1  1  1  1
1984 128 0 ~ 1  1  1  1
2048 128 0 ~ 1  1  1  1
2112 128 0 ~ 1  1  1  1
2176 128 0 ~ 1  1  1  1
2240 128 0 ~ 1  1  1  1
2304 128 0 ~ 1  1  1  1
2368 128 0 ~ 1  1  1  1
2432 128 0 ~ 1  1  1  1
2496 128 0 ~ 1  1  1  1
2560 128 0 ~ 1  1  1  1
2624 128 0 ~ 1  1  1  1
2688 128 0 ~ 1  1  1  1
2752 128 0 ~ 1  1  1  1
2816 128 0 ~ 1  1  1  1
2880 128 0 ~ 1  1  1  1
2944 128 0 ~ 1  1  1  1
3008 128 0 ~ 1  1  1  1
0 192 0 ~ 1  1  1  1
64 192 0 ~ 1  1  1  1
128 192 0 ~ 1  1  1  1
192 192 0 ~ 1  1  1  1
256 192 0 ~ 1  1  1  1
320 192 0 ~ 1  1  1  1
384 192 0 ~ 1  1  1  1
448 192 0 ~ 1  1  1  1
512 192 0 ~ 1  1  1  1
576 192 0 ~ 1  1  1  1
640 192 0 ~ 1  1  1  1
704 192 0 ~ 1  1  1  1
768 192 0 ~ 1  1  1  1
832 192 0 ~ 1  1  1  1
896 192 0 ~ 1  1  1  1
960 192 0 ~ 1  1  1  1
1024 192 0 ~ 1  1  1  1
1088 192 0 ~ 1  1  1  1
1152 192 0 ~ 1  1  1  1
1216 192 0 ~ 1  1  1  1
1280 192 0 ~ 1  1  1  1
1344 192 0 ~ 1  1  1  1
1408 192 0 ~ 1  1  1  1
1472 192 0 ~ 1  1  1  1
1536 192 0 ~ 1  1  1  1
1600 192 0 ~ 1  1  1  1
1664 192 0 ~ 1  1  1  1
1728 192 0 ~ 1  1  1  1
1792 192 0 ~ 1  1  1  1
1856 192 0 ~ 1  1  1  1
1920 192 0 ~ 1  1  1  1
1984 192 0 ~ 1  1  1  1
2048 192 0 ~ 1  1  1  1
2112 192 0 ~ 1  1  1  1
2176 192 0 ~ 1  1  1  1
2240 192 0 ~ 1  1  1  1
2304 192 0 ~ 1  1  1  1
2368 192 0 ~ 1  1  1  1
2432 192 0 ~ 1  1  1  1
2496 192 0 ~ 1  1  1  1
2560 192 0 ~ 1  1  1  1
2624 192 0 ~ 1  1  1  1
2688 192 0 ~ 1  1  1  1
2752 192 0 ~ 1  1  1  1
2816 192 0 ~ 1  1  1  1
2880 192 0 ~ 1  1  1  1
2944 192 0 ~ 1  1  1  1
3008 192 0 ~ 1  1  1  1
0 256 0 ~ 1  1  1  1
64 256 0 ~ 1  1  1  1
128 256 0 ~ 1  1  1  1
192 256 0 ~ 1  1  1  1
256 256 0 ~ 1  1  1  1
320 256 0 ~ 1  1  1  1
384 256 0 ~ 1  1  1  1
448 256 0 ~ 1  1  1  1
512 256 0 ~ 1  1  1  1
576 256 0 ~ 1  1  1  1
640 256 0 ~ 1  1  1  1
704 256 0 ~ 1  1  1  1
768 256 0 ~ 1  1  1  1
832 256 0 ~ 1  1  1  1
896 256 0 ~ 1  1  1  1
960 256 0 ~ 1  1  1  1
1024 256 0 ~ 1  1  1  1
1088 256 0 ~ 1  1  1  1
1152 256 0 ~ 1  1  1  1
1216 256 0 ~ 1  1  1  1
1280 256 0 ~ 1  1  1  1
1344 256 0 ~ 1  1  1  1
1408 256 0 ~ 1  1  1  1
1472 256 0 ~ 1  1  1  1
1536 256 0 ~ 1  1  1  1
1600 256 0 ~ 1  1  1  1
1664 256 0 ~ 1  1  1  1
1728 256 0 ~ 1  1  1  1
1792 256 0 ~ 1  1  1  1
1856 256 0 ~ 1  1  1  1
1920 256 0 ~ 1  1  1  1
1984 256 0 ~ 1  1  1  1
2048 256 0 ~ 1  1  1  1
2112 256 0 ~ 1  1  1  1
2176 256 0 ~ 1  1  1  1
2240 256 0 ~ 1  1  1  1
2304 256 0 ~ 1  1  1  1
2368 256 0 ~ 1  1  1  1
2432 256 0 ~ 1  1  1  1
2496 256 0 ~ 1  1  1  1
2560 256 0 ~ 1  1  1  1
2624 256 0 ~ 1  1  1  1
2688 256 0 ~ 1  1  1  1
2752 256 0 ~ 1  1  1  1
2816 256 0 ~ 1  1  1  1
2880 256 0 ~ 1  1  1  1
2944 256 0 ~ 1  1  1  1
3008 256 0 ~ 1  1  1  1
0 320 0 ~ 1  1  1  1
64 320 0 ~ 1  1  1  1
128 320 0 ~ 1  1  1  1
192 320 0 ~ 1  1  1  1
256 320 0 ~ 1  1  1  1
320 320 0 ~ 1  1  1  1
384 320 0 ~ 1  1  1  1
448 320 0 ~ 1  1  1  1
512 320 0 ~ 1  1  1  1
576 320 0 ~ 1  1  1  1
640 320 0 ~ 1  1  1  1
704 320 0 ~ 1  1  1  1
768 320 0 ~ 1  1  1  1
832 320 0 ~ 1  1  1  1
896 320 0 ~ 1  1  1  1
960 320 0 ~ 1  1  1  1
1024 320 0 ~ 1  1  1  1
1088 320 0 ~ 1  1  1  1
1152 320 0 ~ 1  1  1  1
1216 320 0 ~ 1  1  1  1
1280 320 0 ~ 1  1  1  1
1344 320 0 ~ 1  1  1  1
1408 320 0 ~ 1  1  1  1
1472 320 0 ~ 1  1  1  1
1536 320 0 ~ 1  1  1  1
1600 320 0 ~ 1  1  1  1
1664 320 0 ~ 1  1  1  1
1728 320 0 ~ 1  1  1  1
1792 320 0 ~ 1  1  1  1
1856 320 0 ~ 1  1  1  1
1920 320 0 ~ 1  1  1  1
1984 320 0 ~ 1  1  1  1
2048 320 0 ~ 1  1  1  1
2112 320 0 ~ 1  1  1  1
2176 320 0 ~ 1  1  1  1
2240 320 0 ~ 1  1  1  1
2304 320 0 ~ 1  1  1  1
2368 320 0 ~ 1  1  1  1
2432 320 0 ~ 1  1  1  1
2496 320 0 ~ 1  1  1  1
2560 320 0 ~ 1  1  1  1
2624 320 0 ~ 1  1  1  1
2688 320 0 ~ 1  1  1  1
2752 320 0 ~ 1  1  1  1
2816 320 0 ~ 1  1  1  1
2880 320 0 ~ 1  1  1  1
2944 320 0 ~ 1  1  1  1
3008 320 0 ~ 1  1  1  1
0 384 0 ~ 1  1  1  1
64 384 0 ~ 1  1  1  1
128 384 0 ~ 1  1  1  1
192 384 0 ~ 1  1  1  1
256 384 0 ~ 1  1  1  1
320 384 0 ~ 1  1  1  1
384 384 0 ~ 1  1  1  1
448 384 0 ~ 1  1  1  1
512 384 0 ~ 1  1  1  1
576 384 0 ~ 1  1  1  1
640 384 0 ~ 1  1  1  1
704 384 0 ~ 1  1  1  1
768 384 0 ~ 1  1  1  1
832 384 0 ~ 1  1  1  1
896 384 0 ~ 1  1  1  1
960 384 0 ~ 1  1  1  1
1024 384 0 ~ 1  1  1  1
1088 384 0 ~ 1  1  1  1
1152 384 0 ~ 1  1  1  1
1216 384 0 ~ 1  1  1  1
1280 384 0 ~ 1  1  1  1
1344 384 0 ~ 1  1  1  1
1408 384 0 ~ 1  1  1  1
1472 384 0 ~ 1  1  1  1
1536 384 0 ~ 1  1  1  1
1600 384 0 ~ 1  1  1  1
1664 384 0 ~ 1  1  1  1
1728 384 0 ~ 1  1  1  1
1792 384 0 ~ 1  1  1  1
1856 384 0 ~ 1  1  1  1
1920 384 0 ~ 1  1  1  1
1984 384 0 ~ 1  1  1  1
2048 384 0 ~ 1  1  1  1
2112 384 0 ~ 1  1  1  1
2176 384 0 ~ 1  1  1  1
2240 384 0 ~ 1  1  1  1
2304 384 0 ~ 1  1  1  1
2368 384 0 ~ 1  1  1  1
2432 384 0 ~ 1  1  1  1
2496 384 0 ~ 1  1  1  1
2560 384 0 ~ 1  1  1  1
2624 384 0 ~ 1  1  1  1
2688 384 0 ~ 1  1  1  1
2752 384 0 ~ 1  1  1  1
2816 384 0 ~ 1  1  1  1
2880 384 0 ~ 1  1  1  1
2944 384 0 ~ 1  1  1  1
3008 384 0 ~ 1  1  1  1
0 448 0 ~ 1  1  1  1
64 448 0 ~ 1  1  1  1
128 448 0 ~ 1  1  1  1
192 448 0 ~ 1  1  1  1
256 448 0 ~ 1  1  1  1
320 448 0 ~ 1  1  1  1
384 448 0 ~ 1  1  1  1
448 448 0 ~ 1  1  1  1
512 448 0 ~ 1  1  1  1
576 448 0 ~ 1  1  1  1
640 448 0 ~ 1  1  1  1
704 448 0 ~ 1  1  1  1
768 448 0 ~ 1  1  1  1
832 448 0 ~ 1  1  1  1
896 448 0 ~ 1  1  1  1
960 448 0 ~ 1  1  1  1
1024 448 0 ~ 1  1  1  1
1088 448 0 ~ 1  1  1  1
1152 448 0 ~ 1  1  1  1
1216 448 0 ~ 1  1  1  1
1280 448 0 ~ 1  1  1  1
1344 448 0 ~ 1  1  1  1
1408 448 0 ~ 1  1  1  1
1472 448 0 ~ 1  1  1  1
1536 448 0 ~ 1  1  1  1
1600 448 0 ~ 1  1  1  1
1664 448 0 ~ 1  1  1  1
1728 448 0 ~ 1  1  1  1
1792 448 0 ~ 1  1  1  1
1856 448 0 ~ 1  1  1  1
1920 448 0 ~ 1  1  1  1
1984 448 0 ~ 1  1  1  1
2048 448 0 ~ 1  1  1  1
2112 448 0 ~ 1  1  1  1
2176 448 0 ~ 1  1  1  1
2240 448 0 ~ 1  1  1  1
2304 448 0 ~ 1  1  1  1
2368 448 0 ~ 1  1  1  1
2432 448 0 ~ 1  1  1  1
2496 448 0 ~ 1  1  1  1
2560 448 0 ~ 1  1  1  1
2624 448 0 ~ 1  1  1  1
2688 448 0 ~ 1  1  1  1
2752 448 0 ~ 1  1  1  1
2816 448 0 ~ 1  1  1  1
2880 448 0 ~ 1  1  1  1
2944 448 0 ~ 1  1  1  1
3008 448 0 ~ 1  1  1  1
0 512 0 ~ 1  1  1  1
64 512 0 ~ 1  1  1  1
128 512 0 ~ 1  1  1  1
192 512 0 ~ 1  1  1  1
256 512 0 ~ 1  1  1  1
320 512 0 ~ 1  1  1  1
384 512 0 ~ 1  1  1  1
448 512 0 ~ 1  1  1  1
512 512 0 ~ 1  1  1  1
576 512 0 ~ 1  1  1  1
640 512 0 ~ 1  1  1  1
704 512 0 ~ 1  1  1  1
768 512 0 ~ 1  1  1  1
832 512 0 ~ 1  1  1  1
896 512 0 ~ 1  1  1  1
960 512 0 ~ 1  1  1  1
1024 512 0 ~ 1  1  1  1
1088 512 0 ~ 1  1  1  1
1152 512 0 ~ 1  1  1  1
1216 512 0 ~ 1  1  1  1
1280 512 0 ~ 1  1  1  1
1344 512 0 ~ 1  1  1  1
1408 512 0 ~ 1  1  1  1
1472 512 0 ~ 1  1  1  1
1536 512 0 ~ 1  1  1  1
1600 512 0 ~ 1  1  1  1
1664 512 0 ~ 1  1  1  1
1728 512 0 ~ 1  1  1  1
1792 512 0 ~ 1  1  1  1
1856 512 0 ~ 1  1  1  1
1920 512 0 ~ 1  1  1  1
1984 512 0 ~ 1  1  1  1
2048 512 0 ~ 1  1  1  1
2112 512 0 ~ 1  1  1  1
2176 512 0 ~ 1  1  1  1
2240 512 0 ~ 1  1  1  1
2304 512 0 ~ 1  1  1  1
2368 512 0 ~ 1  1  1  1
2432 512 0 ~ 1  1  1  1
2496 512 0 ~ 1  1  1  1
2560 512 0 ~ 1  1  1  1
2624 512 0 ~ 1  1  1  1
2688 512 0 ~ 1  1  1  1
2752 512 0 ~ 1  1  1  1
2816 512 0 ~ 1  1  1  1
2880 512 0 ~ 1  1  1  1
2944 512 0 ~ 1  1  1  1
3008 512 0 ~ 1  1  1  1
0 576 0 ~ 1  1  1  1
64 576 0 ~ 1  1  1  1
128 576 0 ~ 1  1  1  1
192 576 0 ~ 1  1  1  1
256 576 0 ~ 1  1  1  1
320 576 0 ~ 1  1  1  1
384 576 0 ~ 1  1  1  1
448 576 0 ~ 1  1  1  1
512 576 0 ~ 1  1  1  1
576 576 0 ~ 1  1  1  1
640 576 0 ~ 1  1  1  1
704 576 0 ~ 1  1  1  1
768 576 0 ~ 1  1  1  1
832 576 0 ~ 1  1  1  1
896 576 0 ~ 1  1  1  1
960 576 0 ~ 1  1  1  1
1024 576 0 ~ 1  1  1  1
1088 576 0 ~ 1  1  1  1
1152 576 0 ~ 1  1  1  1
1216 576 0 ~ 1  1  1  1
1280 576 0 ~ 1  1  1  1
1344 576 0 ~ 1  1  1  1
1408 576 0 ~ 1  1  1  1
1472 576 0 ~ 1  1  1  1
1536 576 0 ~ 1  1  1  1
1600 576 0 ~ 1  1  1  1
1664 576 0 ~ 1  1  1  1
1728 576 0 ~ 1  1  1  1
1792 576 0 ~ 1  1  1  1
1856 576 0 ~ 1  1  1  1
1920 576 0 ~ 1  1  1  1
1984 576 0 ~ 1  1  1  1
2048 576 0 ~ 1  1  1  1
2112 576 0 ~ 1  1  1  1
2176 576 0 ~ 1  1  1  1
2240 576 0 ~ 1  1  1  1
2304 576 0 ~ 1  1  1  1
2368 576 0 ~ 1  1  1  1
2432 576 0 ~ 1  1  1  1
2496 576 0 ~ 1  1  1  1
2560 576 0 ~ 1  1  1  1
2624 576 0 ~ 1  1  1  1
2688 576 0 ~ 1  1  1  1
2752 576 0 ~ 1  1  1  1
2816 576 0 ~ 1  1  1  1
2880 576 0 ~ 1  1  1  1
2944 576 0 ~ 1  1  1  1
3008 576 0 ~ 1  1  1  1
0 640 0 ~ 1  1  1  1
64 640 0 ~ 1  1  1  1
128 640 0 ~ 1  1  1  1
192 640 0 ~ 1  1  1  1
256 640 0 ~ 1  1  1  1
320 640 0 ~ 1  1  1  1
384 640 0 ~ 1  1  1  1
448 640 0 ~ 1  1  1  1
512 640 0 ~ 1  1  1  1
576 640 0 ~ 1  1  1  1
640 640 0 ~ 1  1  1  1
704 640 0 ~ 1  1  1  1
768 640 0 ~ 1  1  1  1
832 640 0 ~ 1  1  1  1
896 640 0 ~ 1  1  1  1
960 640 0 ~ 1  1  1  1
1024 640 0 ~ 1  1  1  1
1088 640 0 ~ 1  1  1  1
1152 640 0 ~ 1  1  1  1
1216 640 0 ~ 1  1  1  1
1280 640 0 ~ 1  1  1  1
1344 640 0 ~ 1  1  1  1
1408 640 0 ~ 1  1  1  1
1472 640 0 ~ 1  1  1  1
1536 640 0 ~ 1  1  1  1
1600 640 0 ~ 1  1  1  1
1664 640 0 ~ 1  1  1  1
1728 640 0 ~ 1  1  1  1
1792 640 0 ~ 1  1  1  1
1856 640 0 ~ 1  1  1  1
1920 640 0 ~ 1  1  1  1
1984 640 0 ~ 1  1  1  1
2048 640 0 ~ 1  1  1  1
2112 640 0 ~ 1  1  1  1
2176 640 0 ~ 1  1  1  1
2240 640 0 ~ 1  1  1  1
2304 640 0 ~ 1  1  1  1
2368 640 0 ~ 1  1  1  1
2432 640 0 ~ 1  1  1  1
2496 640 0 ~ 1  1  1  1
2560 640 0 ~ 1  1  1  1
2624 640 0 ~ 1  1  1  1
2688 640 0 ~ 1  1  1  1
2752 640 0 ~ 1  1  1  1
2816 640 0 ~ 1  1  1  1
2880 640 0 ~ 1  1  1  1
2944 640 0 ~ 1  1  1  1
3008 640 0 ~ 1  1  1  1
0 704 0 ~ 1  1  1  1
64 704 0 ~ 1  1  1  1
128 704 0 ~ 1  1  1  1
192 704 0 ~ 1  1  1  1
256 704 0 ~ 1  1  1  1
320 704 0 ~ 1  1  1  1
384 704 0 ~ 1  1  1  1
448 704 0 ~ 1  1  1  1
512 704 0 ~ 1  1  1  1
576 704 0 ~ 1  1  1  1
640 704 0 ~ 1  1  1  1
704 704 0 ~ 1  1  1  1
768 704 0 ~ 1  1  1  1
832 704 0 ~ 1  1  1  1
896 704 0 ~ 1  1  1  1
960 704 0 ~ 1  1  1  1
1024 704 0 ~ 1  1  1  1
1088 704 0 ~ 1  1  1  1
1152 704 0 ~ 1  1  1  1
1216 704 0 ~ 1  1  1  1
1280 704 0 ~ 1  1  1  1
1344 704 0 ~ 1  1  1  1
1408 704 0 ~ 1  1  1  1
1472 704 0 ~ 1  1  1  1
1536 704 0 ~ 1  1  1  1
1600 704 0 ~ 1  1  1  1
1664 704 0 ~ 1  1  1  1
1728 704 0 ~ 1  1  1  1
1792 704 0 ~ 1  1  1  1
1856 704 0 ~ 1  1  1  1
1920 704 0 ~ 1  1  1  1
1984 704 0 ~ 1  1  1  1
2048 704 0 ~ 1  1  1  1
2112 704 0 ~ 1  1  1  1
2176 704 0 ~ 1  1  1  1
2240 704 0 ~ 1  1  1  1
2304 704 0 ~ 1  1  1  1
2368 704 0 ~ 1  1  1  1
2432 704 0 ~ 1  1  1  1
2496 704 0 ~ 1  1  1  1
2560 704 0 ~ 1  1  1  1
2624 704 0 ~ 1  1  1  1
2688 704 0 ~ 1  1  1  1
2752 704 0 ~ 1  1  1  1
2816 704 0 ~ 1  1  1  1
2880 704 0 ~ 1  1  1  1
2944 704 0 ~ 1  1  1  1
3008 704 0 ~ 1  1  1  1
0 768 0 ~ 1  1  1  1
64 768 0 ~ 1  1  1  1
128 768 0 ~ 1  1  1  1
192 768 0 ~ 1  1  1  1
256 768 0 ~ 1  1  1  1
320 768 0 ~ 1  1  1  1
384 768 0 ~ 1  1  1  1
448 768 0 ~ 1  1  1  1
512 768 0 ~ 1  1  1  1
576 768 0 ~ 1  1  1  1
640 768 0 ~ 1  1  1  1
704 768 0 ~ 1  1  1  1
768 768 0 ~ 1  1  1  1
832 768 0 ~ 1  1  1  1
896 768 0 ~ 1  1  1  1
960 768 0 ~ 1  1  1  1
1024 768 0 ~ 1  1  1  1
1088 768 0 ~ 1  1  1  1
1152 768 0 ~ 1  1  1  1
1216 768 0 ~ 1  1  1  1
1280 768 0 ~ 1  1  1  1
1344 768 0 ~ 1  1  1  1
1408 768 0 ~ 1  1  1  1
1472 768 0 ~ 1  1  1  1
1536 768 0 ~ 1  1  1  1
1600 768 0 ~ 1  1  1  1
1664 768 0 ~ 1  1  1  1
1728 768 0 ~ 1  1  1  1
1792 768 0 ~ 1  1  1  1
1856 768 0 ~ 1  1  1  1
1920 768 0 ~ 1  1  1  1
1984 768 0 ~ 1  1  1  1
2048 768 0 ~ 1  1  1  1
2112 768 0 ~ 1  1  1  1
2176 768 0 ~ 1  1  1  1
2240 768 0 ~ 1  1  1  1
2304 768 0 ~ 1  1  1  1
2368 768 0 ~ 1  1  1  1
2432 768 0 ~ 1  1  1  1
2496 768 0 ~ 1  1  1  1
2560 768 0 ~ 1  1  1  1
2624 768 0 ~ 1  1  1  1
2688 768 0 ~ 1  1  1  1
2752 768 0 ~ 1  1  1  1
2816 768 0 ~ 1  1  1  1
2880 768 0 ~ 1  1  1  1
2944 768 0 ~ 1  1  1  1
3008 768 0 ~ 1  1  1  1
0 832 0 ~ 1  1  1  1
64 832 0 ~ 1  1  1  1
128 832 0 ~ 1  1  1  1
192 832 0 ~ 1  1  1  1
256 832 0 ~ 1  1  1  1
320 832 0 ~ 1  1  1  1
384 832 0 ~ 1  1  1  1
448 832 0 ~ 1  1  1  1
512 832 0 ~ 1  1  1  1
576 832 0 ~ 1  1  1  1
640 832 0 ~ 1  1  1  1
704 832 0 ~ 1  1  1  1
768 832 0 ~ 1  1  1  1
832 832 0 ~ 1  1  1  1
896 832 0 ~ 1  1  1  1
960 832 0 ~ 1  1  1  1
1024 832 0 ~ 1  1  1  1
1088 832 0 ~ 1  1  1  1
1152 832 0 ~ 1  1  1  1
1216 832 0 ~ 1  1  1  1
1280 832 0 ~ 1  1  1  1
1344 832 0 ~ 1  1  1  1
1408 832 0 ~ 1  1  1  1
1472 832 0 ~ 1  1  1  1
1536 832 0 ~ 1  1  1  1
1600 832 0 ~ 1  1  1  1
1664 832 0 ~ 1  1  1  1
1728 832 0 ~ 1  1  1  1
1792 832 0 ~ 1  1  1  1
1856 832 0 ~ 1  1  1  1
1920 832 0 ~ 1  1  1  1
1984 832 0 ~ 1  1  1  1
2048 832 0 ~ 1  1  1  1
2112 832 0 ~ 1  1  1  1
2176 832 0 ~ 1  1  1  1
2240 832 0 ~ 1  1  1  1
2304 832 0 ~ 1  1  1  1
2368 832 0 ~ 1  1  1  1
2432 832 0 ~ 1  1  1  1
2496 832 0 ~ 1  1  1  1
2560 832 0 ~ 1  1  1  1
2624 832 0 ~ 1  1  1  1
2688 832 0 ~ 1  1  1  1
2752 832 0 ~ 1  1  1  1
2816 832 0 ~ 1  1  1  1
2880 832 0 ~ 1  1  1  1
2944 832 0 ~ 1  1  1  1
3008 832 0 ~ 1  1  1  1
0 896 0 ~ 1  1  1  1
64 896 0 ~ 1  1  1  1
128 896 0 ~ 1  1  1  1
192 896 0 ~ 1  1  1  1
256 896 0 ~ 1  1  1  1
320 896 0 ~ 1  1  1  1
384 896 0 ~ 1  1  1  1
448 896 0 ~ 1  1  1  1
512 896 0 ~ 1  1  1  1
576 896 0 ~ 1  1  1  1
640 896 0 ~ 1  1  1  1
704 896 0 ~ 1  1  1  1
768 896 0 ~ 1  1  1  1
832 896 0 ~ 1  1  1  1
896 896 0 ~ 1  1  1  1
960 896 0 ~ 1  1  1  1
1024 896 0 ~ 1  1  1  1
1088 896 0 ~ 1  1  1  1
1152 896 0 ~ 1  1  1  1
1216 896 0 ~ 1  1  1  1
1280 896 0 ~ 1  1  1  1
1344 896 0 ~ 1  1  1  1
1408 896 0 ~ 1  1  1  1
1472 896 0 ~ 1  1  1  1
1536 896 0 ~ 1  1  1  1
1600 896 0 ~ 1  1  1  1
1664 896 0 ~ 1  1  1  1
1728 896 0 ~ 1  1  1  1
1792 896 0 ~ 1  1  1  1
1856 896 0 ~ 1  1  1  1
1920 896 0 ~ 1  1  1  1
1984 896 0 ~ 1  1  1  1
2048 896 0 ~ 1  1  1  1
2112 896 0 ~ 1  1  1  1
2176 896 0 ~ 1  1  1  1
2240 896 0 ~ 1  1  1  1
2304 896 0 ~ 1  1  1  1
2368 896 0 ~ 1  1  1  1
2432 896 0 ~ 1  1  1  1
2496 896 0 ~ 1  1  1  1
2560 896 0 ~ 1  1  1  1
2624 896 0 ~ 1  1  1  1
2688 896 0 ~ 1  1  1  1
2752 896 0 ~ 1  1  1  1
2816 896 0 ~ 1  1  1  1
2880 896 0 ~ 1  1  1  1
2944 896 0 ~ 1  1  1  1
3008 896 0 ~ 1  1  1  1
0 960 0 ~ 1  1  1  1
64 960 0 ~ 1  1  1  1
128 960 0 ~ 1  1  1  1
192 960 0 ~ 1  1  1  1
256 960 0 ~ 1  1  1  1
320 960 0 ~ 1  1  1  1
384 960 0 ~ 1  1  1  1
448 960 0 ~ 1  1  1  1
512 960 0 ~ 1  1  1  1
576 960 0 ~ 1  1  1  1
640 960 0 ~ 1  1  1  1
704 960 0 ~ 1  1  1  1
768 960 0 ~ 1  1  1  1
832 960 0 ~ 1  1  1  1
896 960 0 ~ 1  1  1  1
960 960 0 ~ 1  1  1  1
1024 960 0 ~ 1  1  1  1
1088 960 0 ~ 1  1  1  1
1152 960 0 ~ 1  1  1  1
1216 960 0 ~ 1  1  1  1
1280 960 0 ~ 1  1  1  1
1344 960 0 ~ 1  1  1  1
1408 960 0 ~ 1  1  1  1
1472 960 0 ~ 1  1  1  1
1536 960 0 ~ 1  1  1  1
1600 960 0 ~ 1  1  1  1
1664 960 0 ~ 1  1  1  1
1728 960 0 ~ 1  1  1  1
1792 960 0 ~ 1  1  1  1
1856 960 0 ~ 1  1  1  1
1920 960 0 ~ 1  1  1  1
1984 960 0 ~ 1  1  1  1
2048 960 0 ~ 1  1  1  1
2112 960 0 ~ 1  1  1  1
2176 960 0 ~ 1  1  1  1
2240 960 0 ~ 1  1  1  1
2304 960 0 ~ 1  1  1  1
2368 960 0 ~ 1  1  1  1
2432 960 0 ~ 1  1  1  1
2496 960 0 ~ 1  1  1  1
2560 960 0 ~ 1  1  1  1
2624 960 0 ~ 1  1  1  1
2688 960 0 ~ 1  1  1  1
2752 960 0 ~ 1  1  1  1
2816 960 0 ~ 1  1  1  1
2880 960 0 ~ 1  1  1  1
2944 960 0 ~ 1  1  1  1
3008 960 0 ~ 1  1  1  1
0 1024 0 ~ 1  1  1  1
64 1024 0 ~ 1  1  1  1
128 1024 0 ~ 1  1  1  1
192 1024 0 ~ 1  1  1  1
256 1024 0 ~ 1  1  1  1
320 1024 0 ~ 1  1  1  1
384 1024 0 ~ 1  1  1  1
448 1024 0 ~ 1  1  1  1
512 1024 0 ~ 1  1  1  1
576 1024 0 ~ 1  1  1  1
640 1024 0 ~ 1  1  1  1
704 1024 0 ~ 1  1  1  1
768 1024 0 ~ 1  1  1  1
832 1024 0 ~ 1  1  1  1
896 1024 0 ~ 1  1  1  1
960 1024 0 ~ 1  1  1  1
1024 1024 0 ~ 1  1  1  1
1088 1024 0 ~ 1  1  1  1
1152 1024 0 ~ 1  1  1  1
1216 1024 0 ~ 1  1  1  1
1280 1024 0 ~ 1  1  1  1
1344 1024 0 ~ 1  1  1  1
1408 1024 0 ~ 1  1  1  1
1472 1024 0 ~ 1  1  1  1
1536 1024 0 ~ 1  1  1  1
1600 1024 0 ~ 1  1  1  1
1664 1024 0 ~ 1  1  1  1
1728 1024 0 ~ 1  1  1  1
1792 1024 0 ~ 1  1  1  1
1856 1024 0 ~ 1  1  1  1
1920 1024 0 ~ 1  1  1  1
1984 1024 0 ~ 1  1  1  1
2048 1024 0 ~ 1  1  1  1
2112 1024 0 ~ 1  1  1  1
2176 1024 0 ~ 1  1  1  1
2240 1024 0 ~ 1  1  1  1
2304 1024 0 ~ 1  1  1  1
2368 1024 0 ~ 1  1  1  1
2432 1024 0 ~ 1  1  1  1
2496 1024 0 ~ 1  1  1  1
2560 1024 0 ~ 1  1  1  1
2624 1024 0 ~ 1  1  1  1
2688 1024 0 ~ 1  1  1  1
2752 1024 0 ~ 1  1  1  1
2816 1024 0 ~ 1  1  1  1
2880 1024 0 ~ 1  1  1  1
2944 1024 0 ~ 1  1  1  1
3008 1024 0 ~ 1  1  1  1
0 1088 0 ~ 1  1  1  1
64 1088 0 ~ 1  1  1  1
128 1088 0 ~ 1  1  1  1
192 1088 0 ~ 1  1  1  1
256 1088 0 ~ 1  1  1  1
320 1088 0 ~ 1  1  1  1
384 1088 0 ~ 1  1  1  1
448 1088 0 ~ 1  1  1  1
512 1088 0 ~ 1  1  1  1
576 1088 0 ~ 1  1  1  1
640 1088 0 ~ 1  1  1  1
704 1088 0 ~ 1  1  1  1
768 1088 0 ~ 1  1  1  1
832 1088 0 ~ 1  1  1  1
896 1088 0 ~ 1  1  1  1
960 1088 0 ~ 1  1  1  1
1024 1088 0 ~ 1  1  1  1
1088 1088 0 ~ 1  1  1  1
1152 1088 0 ~ 1  1  1  1
1216 1088 0 ~ 1  1  1  1
1280 1088 0 ~ 1  1  1  1
1344 1088 0 ~ 1  1  1  1
1408 1088 0 ~ 1  1  1  1
1472 1088 0 ~ 1  1  1  1
1536 1088 0 ~ 1  1  1  1
1600 1088 0 ~ 1  1  1  1
1664 1088 0 ~ 1  1  1  1
1728 1088 0 ~ 1  1  1  1
1792 1088 0 ~ 1  1  1  1
1856 1088 0 ~ 1  1  1  1
1920 1088 0 ~ 1  1  1  1
1984 1088 0 ~ 1  1  1  1
2048 1088 0 ~ 1  1  1  1
2112 1088 0 ~ 1  1  1  1
2176 1088 0 ~ 1  1  1  1
2240 1088 0 ~ 1  1  1  1
2304 1088 0 ~ 1  1  1  1
2368 1088 0 ~ 1  1  1  1
2432 1088 0 ~ 1  1  1  1
2496 1088 0 ~ 1  1  1  1
2560 1088 0 ~ 1  1  1  1
2624 1088 0 ~ 1  1  1  1
2688 1088 0 ~ 1  1  1  1
2752 1088 0 ~ 1  1  1  1
2816 1088 0 ~ 1  1  1  1
2880 1088 0 ~ 1  1  1  1
2944 1088 0 ~ 1  1  1  1
3008 1088 0 ~ 1  1  1  1
0 1152 0 ~ 1  1  1  1
64 1152 0 ~ 1  1  1  1
128 1152 0 ~ 1  1  1  1
192 1152 0 ~ 1  1  1  1
256 1152 0 ~ 1  1  1  1
320 1152 0 ~ 1  1  1  1
384 1152 0 ~ 1  1  1  1
448 1152 0 ~ 1  1  1  1
512 1152 0 ~ 1  1  1  1
576 1152 0 ~ 1  1  1  1
640 1152 0 ~ 1  1  1  1
704 1152 0 ~ 1  1  1  1
768 1152 0 ~ 1  1  1  1
832 1152 0 ~ 1  1  1  1
896 1152 0 ~ 1  1  1  1
960 1152 0 ~ 1  1  1  1
1024 1152 0 ~ 1  1  1  1
1088 1152 0 ~ 1  1  1  1
1152 1152 0 ~ 1  1  1  1
1216 1152 0 ~ 1  1  1  1
1280 1152 0 ~ 1  1  1  1
1344 1152 0 ~ 1  1  1  1
1408 1152 0 ~ 1  1  1  1
1472 1152 0 ~ 1  1  1  1
1536 1152 0 ~ 1  1  1  1
1600 1152 0 ~ 1  1  1  1
1664 1152 0 ~ 1  1  1  1
1728 1152 0 ~ 1  1  1  1
1792 1152 0 ~ 1  1  1  1
1856 1152 0 ~ 1  1  1  1
1920 1152 0 ~ 1  1  1  1
1984 1152 0 ~ 1  1  1  1
2048 1152 0 ~ 1  1  1  1
2112 1152 0 ~ 1  1  1  1
2176 1152 0 ~ 1  1  1  1
2240 1152 0 ~ 1  1  1  1
2304 1152 0 ~ 1  1  1  1
2368 1152 0 ~ 1  1  1  1
2432 1152 0 ~ 1  1  1  1
2496 1152 0 ~ 1  1  1  1
2560 1152 0 ~ 1  1  1  1
2624 1152 0 ~ 1  1  1  1
2688 1152 0 ~ 1  1  1  1
2752 1152 0 ~ 1  1  1  1
2816 1152 0 ~ 1  1  1  1
2880 1152 0 ~ 1  1  1  1
2944 1152 0 ~ 1  1  1  1
3008 1152 0 ~ 1  1  1  1
0 1216 0 ~ 1  1  1  1
64 1216 0 ~ 1  1  1  1
128 1216 0 ~ 1  1  1  1
192 1216 0 ~ 1  1  1  1
256 1216 0 ~ 1  1  1  1
320 1216 0 ~ 1  1  1  1
384 1216 0 ~ 1  1  1  1
448 1216 0 ~ 1  1  1  1
512 1216 0 ~ 1  1  1  1
576 1216 0 ~ 1  1  1  1
640 1216 0 ~ 1  1  1  1
704 1216 0 ~ 1  1  1  1
768 1216 0 ~ 1  1  1  1
832 1216 0 ~ 1  1  1  1
896 1216 0 ~ 1  1  1  1
960 1216 0 ~ 1  1  1  1
1024 1216 0 ~ 1  1  1  1
1088 1216 0 ~ 1  1  1  1
1152 1216 0 ~ 1  1  1  1
1216 1216 0 ~ 1  1  1  1
1280 1216 0 ~ 1  1  1  1
1344 1216 0 ~ 1  1  1  1
1408 1216 0 ~ 1  1  1  1
1472 1216 0 ~ 1  1  1  1
1536 1216 0 ~ 1  1  1  1
1600 1216 0 ~ 1  1  1  1
1664 1216 0 ~ 1  1  1  1
1728 1216 0 ~ 1  1  1  1
1792 1216 0 ~ 1  1  1  1
1856 1216 0 ~ 1  1  1  1
1920 1216 0 ~ 1  1  1  1
1984 1216 0 ~ 1  1  1  1
2048 1216 0 ~ 1  1  1  1
2112 1216 0 ~ 1  1  1  1
2176 1216 0 ~ 1  1  1  1
2240 1216 0 ~ 1  1  1  1
2304 1216 0 ~ 1  1  1  1
2368 1216 0 ~ 1  1  1  1
2432 1216 0 ~ 1  1  1  1
2496 1216 0 ~ 1  1  1  1
2560 1216 0 ~ 1  1  1  1
2624 1216 0 ~ 1  1  1  1
2688 1216 0 ~ 1  1  1  1
2752 1216 0 ~ 1  1  1  1
2816 1216 0 ~ 1  1  1  1
2880 1216 0 ~ 1  1  1  1
2944 1216 0 ~ 1  1  1  1
3008 1216 0 ~ 1  1  1  1
0 1280 0 ~ 1  1  1  1
64 1280 0 ~ 1  1  1  1
128 1280 0 ~ 1  1  1  1
192 1280 0 ~ 1  1  1  1
256 1280 0 ~ 1  1  1  1
320 1280 0 ~ 1  1  1  1
384 1280 0 ~ 1  1  1  1
448 1280 0 ~ 1  1  1  1
512 1280 0 ~ 1  1  1  1
576 1280 0 ~ 1  1  1  1
640 1280 0 ~ 1  1  1  1
704 1280 0 ~ 1  1  1  1
768 1280 0 ~ 1  1  1  1
832 1280 0 ~ 1  1  1  1
896 1280 0 ~ 1  1  1  1
960 1280 0 ~ 1  1  1  1
1024 1280 0 ~ 1  1  1  1
1088 1280 0 ~ 1  1  1  1
1152 1280 0 ~ 1  1  1  1
1216 1280 0 ~ 1  1  1  1
1280 1280 0 ~ 1  1  1  1
1344 1280 0 ~ 1  1  1  1
1408 1280 0 ~ 1  1  1  1
1472 1280 0 ~ 1  1  1  1
1536 1280 0 ~ 1  1  1  1
1600 1280 0 ~ 1  1  1  1
1664 1280 0 ~ 1  1  1  1
1728 1280 0 ~ 1  1  1  1
1792 1280 0 ~ 1  1  1  1
1856 1280 0 ~ 1  1  1  1
1920 1280 0 ~ 1  1  1  1
1984 1280 0 ~ 1  1  1  1
2048 1280 0 ~ 1  1  1  1
2112 1280 0 ~ 1  1  1  1
2176 1280 0 ~ 1  1  1  1
2240 1280 0 ~ 1  1  1  1
2304 1280 0 ~ 1  1  1  1
2368 1280 0 ~ 1  1  1  1
2432 1280 0 ~ 1  1  1  1
2496 1280 0 ~ 1  1  1  1
2560 1280 0 ~ 1  1  1  1
2624 1280 0 ~ 1  1  1  1
2688 1280 0 ~ 1  1  1  1
2752 1280 0 ~ 1  1  1  1
2816 1280 0 ~ 1  1  1  1
2880 1280 0 ~ 1  1  1  1
2944 1280 0 ~ 1  1  1  1
3008 1280 0 ~ 1  1  1  1
0 1344 0 ~ 1  1  1  1
64 1344 0 ~ 1  1  1  1
128 1344 0 ~ 1  1  1  1
192 1344 0 ~ 1  1  1  1
256 1344 0 ~ 1  1  1  1
320 1344 0 ~ 1  1  1  1
384 1344 0 ~ 1  1  1  1
448 1344 0 ~ 1  1  1  1
512 1344 0 ~ 1  1  1  1
576 1344 0 ~ 1  1  1  1
640 1344 0 ~ 1  1  1  1
704 1344 0 ~ 1  1  1  1
768 1344 0 ~ 1  1  1  1
832 1344 0 ~ 1  1  1  1
896 1344 0 ~ 1  1  1  1
960 1344 0 ~ 1  1  1  1
1024 1344 0 ~ 1  1  1  1
1088 1344 0 ~ 1  1  1  1
1152 1344 0 ~ 1  1  1  1
1216 1344 0 ~ 1  1  1  1
1280 1344 0 ~ 1  1  1  1
1344 1344 0 ~ 1  1  1  1
1408 1344 0 ~ 1  1  1  1
1472 1344 0 ~ 1  1  1  1
1536 1344 0 ~ 1  1  1  1
1600 1344 0 ~ 1  1  1  1
1664 1344 0 ~ 1  1  1  1
1728 1344 0 ~ 1  1  1  1
1792 1344 0 ~ 1  1  1  1
1856 1344 0 ~ 1  1  1  1
1920 1344 0 ~ 1  1  1  1
1984 1344 0 ~ 1  1  1  1
2048 1344 0 ~ 1  1  1  1
2112 1344 0 ~ 1  1  1  1
2176 1344 0 ~ 1  1  1  1
2240 1344 0 ~ 1  1  1  1
2304 1344 0 ~ 1  1  1  1
2368 1344 0 ~ 1  1  1  1
2432 1344 0 ~ 1  1  1  1
2496 1344 0 ~ 1  1  1  1
2560 1344 0 ~ 1  1  1  1
2624 1344 0 ~ 1  1  1  1
2688 1344 0 ~ 1  1  1  1
2752 1344 0 ~ 1  1  1  1
2816 1344 0 ~ 1  1  1  1
2880 1344 0 ~ 1  1  1  1
2944 1344 0 ~ 1  1  1  1
3008 1344 0 ~ 1  1  1  1
0 1408 0 ~ 1  1  1  1
64 1408 0 ~ 1  1  1  1
128 1408 0 ~ 1  1  1  1
192 1408 0 ~ 1  1  1  1
256 1408 0 ~ 1  1  1  1
320 1408 0 ~ 1  1  1  1
384 1408 0 ~ 1  1  1  1
448 1408 0 ~ 1  1  1  1
512 1408 0 ~ 1  1  1  1
576 1408 0 ~ 1  1  1  1
640 1408 0 ~ 1  1  1  1
704 1408 0 ~ 1  1  1  1
768 1408 0 ~ 1  1  1  1
832 1408 0 ~ 1  1  1  1
896 1408 0 ~ 1  1  1  1
960 1408 0 ~ 1  1  1  1
1024 1408 0 ~ 1  1  1  1
1088 1408 0 ~ 1  1  1  1
1152 1408 0 ~ 1  1  1  1
1216 1408 0 ~ 1  1  1  1
1280 1408 0 ~ 1  1  1  1
1344 1408 0 ~ 1  1  1  1
1408 1408 0 ~ 1  1  1  1
1472 1408 0 ~ 1  1  1  1
1536 1408 0 ~ 1  1  1  1
1600 1408 0 ~ 1  1  1  1
1664 1408 0 ~ 1  1  1  1
1728 1408 0 ~ 1  1  1  1
1792 1408 0 ~ 1  1  1  1
1856 1408 0 ~ 1  1  1  1
1920 1408 0 ~ 1  1  1  1
1984 1408 0 ~ 1  1  1  1
2048 1408 0 ~ 1  1  1  1
2112 1408 0 ~ 1  1  1  1
2176 1408 0 ~ 1  1  1  1
2240 1408 0 ~ 1  1  1  1
2304 1408 0 ~ 1  1  1  1
2368 1408 0 ~ 1  1  1  1
2432 1408 0 ~ 1  1  1  1
2496 1408 0 ~ 1  1  1  1
2560 1408 0 ~ 1  1  1  1
2624 1408 0 ~ 1  1  1  1
2688 1408 0 ~ 1  1  1  1
2752 1408 0 ~ 1  1  1  1
2816 1408 0 ~ 1  1  1  1
2880 1408 0 ~ 1  1  1  1
2944 1408 0 ~ 1  1  1  1
3008 1408 0 ~ 1  1  1  1
0 1472 1 tileset.png 0  0  64  64
64 1472 1 tileset.png 0  0  64  64
128 1472 0 ~ 1  1  1  1
192 1472 0 ~ 1  1  1  1
256 1472 0 ~ 1  1  1  1
320 1472 0 ~ 1  1  1  1
384 1472 1 tileset.png 0  0  64  64
448 1472 1 tileset.png 0  0  64  64
512 1472 1 tileset.png 0  0  64  64
576 1472 1 tileset.png 0  0  64  64
640 1472 1 tileset.png 0  0  64  64
704 1472 0 ~ 1  1  1  1
768 1472 0 ~ 1  1  1  1
832 1472 0 ~ 1  1  1  1
896 1472 0 ~ 1  1  1  1
960 1472 0 ~ 1  1  1  1
1024 1472 0 ~ 1  1  1  1
1088 1472 0 ~ 1  1  1  1
1152 1472 0 ~ 1  1  1  1
1216 1472 0 ~ 1  1  1  1
1280 1472 0 ~ 1  1  1  1
1344 1472 0 ~ 1  1  1  1
1408 1472 0 ~ 1  1  1  1
1472 1472 0 ~ 1  1  1  1
1536 1472 0 ~ 1  1  1  1
1600 1472 0 ~ 1  1  1  1
1664 1472 0 ~ 1  1  1  1
1728 1472 0 ~ 1  1  1  1
1792 1472 0 ~ 1  1  1  1
1856 1472 0 ~ 1  1  1  1
1920 1472 0 ~ 1  1  1  1
1984 1472 0 ~ 1  1  1  1
2048 1472 0 ~ 1  1  1  1
2112 1472 0 ~ 1  1  1  1
2176 1472 0 ~ 1  1  1  1
2240 1472 0 ~ 1  1  1  1
2304 1472 0 ~ 1  1  1  1
2368 1472 0 ~ 1  1  1  1
2432 1472 0 ~ 1  1  1  1
2496 1472 0 ~ 1  1  1  1
2560 1472 0 ~ 1  1  1  1
2624 1472 0 ~ 1  1  1  1
2688 1472 0 ~ 1  1  1  1
2752 1472 0 ~ 1  1  1  1
2816 1472 0 ~ 1  1  1  1
2880 1472 0 ~ 1  1  1  1
2944 1472 0 ~ 1  1  1  1
3008 1472 0 ~ 1  1  1  1
TileMapEnd
