EntityHealthBegin
3
EntityHealthEnd
EntityTextureFilenameBegin
player.png
EntityTextureFilenameEnd
EntityAnimationNextFrameTimeBegin
100
EntityAnimationNextFrameTimeEnd
EntityNormalFormScaleBegin
1
EntityNormalFormScaleEnd
EntityGunTypeBegin
0
EntityGunTypeEnd
EntityGunfireDelayBegin
400
EntityGunfireDelayEnd
EntityGunBulletTypeBegin
1
EntityGunBulletTypeEnd
EntityBulletOriginBegin
0 0 57
1 73 0
2 48 0
3 126 62
4 15 128
5 0 56
6 32 14
7 109 10
8 128 61
9 114 128
10 -5 102
11 128 104
12 37 112
13 51 114
14 13 108
15 0 47
16 0 0
17 74 0
18 60 0
19 120 9
20 128 51
21 128 110
2100 0 50
2101 50 50
2102 100 50
2103 100 64
2104 100 100
2105 64 100
2106 0 100
2107 0 64
EntityBulletOriginEnd
EntityAnimationTextureRectsBegin
0 896 0 128 128
1 512 0 128 128
2 384 0 128 128
3 0 0 128 128
4 768 0 128 128
4 768 128 128 128
4 768 256 128 128
5 896 0 128 128
5 896 128 128 128
5 896 256 128 128
6 640 0 128 128
6 640 128 128 128
6 640 256 128 128
7 256 0 128 128
7 256 128 128 128
7 256 256 128 128
8 0 0 128 128
8 0 128 128 128
8 0 256 128 128
9 128 0 128 128
9 128 128 128 128
9 128 256 128 128
10 512 128 128 128
11 384 128 128 128
12 256 512 128 128
13 128 512 128 128
14 768 384 128 128
15 896 384 128 128
16 640 384 128 128
17 512 384 128 128
18 384 384 128 128
19 256 384 128 128
20 0 384 128 128
21 128 384 128 128
22 384 512 128 128
22 384 640 128 128
22 384 768 128 128
23 0 640 128 128
23 128 640 128 128
23 256 640 128 128
24 512 640 128 128
24 640 640 128 128
24 768 640 128 128
25 1 1 1 1
EntityAnimationTextureRectsEnd
EntityHurtboxBegin
0 51 31 37 97
1 51 31 37 97
2 51 31 37 97
3 51 31 37 97
4 51 31 37 97
4 51 31 37 97
4 51 31 37 97
5 51 31 37 97
5 51 31 37 97
5 51 31 37 97
6 51 31 37 97
6 51 31 37 97
6 51 31 37 97
7 51 31 37 97
7 51 31 37 97
7 51 31 37 97
8 51 31 37 97
8 51 31 37 97
8 51 31 37 97
9 51 31 37 97
9 51 31 37 97
9 51 31 37 97
10 0 81 128 47
11 10 79 118 49
12 36 25 60 89
13 36 25 60 89
14 36 25 60 89
15 36 25 60 89
16 36 25 60 89
17 36 25 60 89
18 36 25 60 89
19 36 25 60 89
20 36 25 60 89
21 36 25 60 89
22 40 79 55 55
22 40 79 55 55
22 40 79 55 55
23 2 2 2 2
23 2 2 2 2
23 2 2 2 2
24 2 2 2 2
24 2 2 2 2
24 2 2 2 2
25 1 1 1 1
EntityHurtboxEnd
EntityHitboxBegin
0 47 13 47 115
1 40 79 49 49
EntityHitboxEnd