worldBoundsBegin
0 0 1024 768
worldBoundsEnd
bossWorldBoundsBegin
0 0 1024 768
bossWorldBoundsEnd
TileMapBegin
0 0 0 ~ 1  1  1  1
64 0 0 ~ 1  1  1  1
128 0 0 ~ 1  1  1  1
192 0 0 ~ 1  1  1  1
256 0 0 ~ 1  1  1  1
320 0 0 ~ 1  1  1  1
384 0 0 ~ 1  1  1  1
448 0 0 ~ 1  1  1  1
512 0 0 ~ 1  1  1  1
576 0 0 ~ 1  1  1  1
640 0 0 ~ 1  1  1  1
704 0 0 ~ 1  1  1  1
768 0 0 ~ 1  1  1  1
832 0 0 ~ 1  1  1  1
896 0 0 ~ 1  1  1  1
960 0 0 ~ 1  1  1  1
0 64 0 ~ 1  1  1  1
64 64 0 ~ 1  1  1  1
128 64 0 ~ 1  1  1  1
192 64 0 ~ 1  1  1  1
256 64 0 ~ 1  1  1  1
320 64 0 ~ 1  1  1  1
384 64 0 ~ 1  1  1  1
448 64 0 ~ 1  1  1  1
512 64 0 ~ 1  1  1  1
576 64 0 ~ 1  1  1  1
640 64 0 ~ 1  1  1  1
704 64 0 ~ 1  1  1  1
768 64 0 ~ 1  1  1  1
832 64 0 ~ 1  1  1  1
896 64 0 ~ 1  1  1  1
960 64 0 ~ 1  1  1  1
0 128 0 ~ 1  1  1  1
64 128 0 ~ 1  1  1  1
128 128 0 ~ 1  1  1  1
192 128 0 ~ 1  1  1  1
256 128 0 tileset.png 0  0  0  0
320 128 0 ~ 1  1  1  1
384 128 0 ~ 1  1  1  1
448 128 0 ~ 1  1  1  1
512 128 0 ~ 1  1  1  1
576 128 0 ~ 1  1  1  1
640 128 0 ~ 1  1  1  1
704 128 0 ~ 1  1  1  1
768 128 0 ~ 1  1  1  1
832 128 0 ~ 1  1  1  1
896 128 0 ~ 1  1  1  1
960 128 0 ~ 1  1  1  1
0 192 0 ~ 1  1  1  1
64 192 0 ~ 1  1  1  1
128 192 0 ~ 1  1  1  1
192 192 0 ~ 1  1  1  1
256 192 0 ~ 1  1  1  1
320 192 0 ~ 1  1  1  1
384 192 0 ~ 1  1  1  1
448 192 0 ~ 1  1  1  1
512 192 0 ~ 1  1  1  1
576 192 0 ~ 1  1  1  1
640 192 0 ~ 1  1  1  1
704 192 0 ~ 1  1  1  1
768 192 0 ~ 1  1  1  1
832 192 0 ~ 1  1  1  1
896 192 0 ~ 1  1  1  1
960 192 0 ~ 1  1  1  1
0 256 0 ~ 1  1  1  1
64 256 0 ~ 1  1  1  1
128 256 0 ~ 1  1  1  1
192 256 0 tileset.png 0  0  0  0
256 256 0 ~ 1  1  1  1
320 256 0 ~ 1  1  1  1
384 256 0 ~ 1  1  1  1
448 256 0 ~ 1  1  1  1
512 256 0 ~ 1  1  1  1
576 256 0 ~ 1  1  1  1
640 256 0 ~ 1  1  1  1
704 256 0 ~ 1  1  1  1
768 256 0 ~ 1  1  1  1
832 256 0 ~ 1  1  1  1
896 256 0 ~ 1  1  1  1
960 256 0 ~ 1  1  1  1
0 320 0 ~ 1  1  1  1
64 320 0 ~ 1  1  1  1
128 320 0 ~ 1  1  1  1
192 320 0 ~ 1  1  1  1
256 320 0 ~ 1  1  1  1
320 320 0 tileset.png 0  0  0  0
384 320 0 tileset.png 0  0  0  0
448 320 0 ~ 1  1  1  1
512 320 0 ~ 1  1  1  1
576 320 0 ~ 1  1  1  1
640 320 0 ~ 1  1  1  1
704 320 0 ~ 1  1  1  1
768 320 0 ~ 1  1  1  1
832 320 0 ~ 1  1  1  1
896 320 0 ~ 1  1  1  1
960 320 0 ~ 1  1  1  1
0 384 0 ~ 1  1  1  1
64 384 0 ~ 1  1  1  1
128 384 0 ~ 1  1  1  1
192 384 0 tileset.png 0  0  0  0
256 384 0 ~ 1  1  1  1
320 384 0 tileset.png 0  0  0  0
384 384 0 ~ 1  1  1  1
448 384 0 tileset.png 0  0  0  0
512 384 0 ~ 1  1  1  1
576 384 0 tileset.png 0  0  0  0
640 384 0 ~ 1  1  1  1
704 384 0 ~ 1  1  1  1
768 384 0 ~ 1  1  1  1
832 384 0 ~ 1  1  1  1
896 384 0 ~ 1  1  1  1
960 384 0 ~ 1  1  1  1
0 448 0 ~ 1  1  1  1
64 448 0 tileset.png 0  0  0  0
128 448 1 tileset.png 0  0  64  64
192 448 0 ~ 1  1  1  1
256 448 0 tileset.png 0  0  0  0
320 448 0 tileset.png 0  0  0  0
384 448 0 ~ 1  1  1  1
448 448 0 tileset.png 0  0  0  0
512 448 0 ~ 1  1  1  1
576 448 0 tileset.png 0  0  0  0
640 448 0 ~ 1  1  1  1
704 448 0 tileset.png 0  0  0  0
768 448 0 tileset.png 0  0  0  0
832 448 0 ~ 1  1  1  1
896 448 0 ~ 1  1  1  1
960 448 0 ~ 1  1  1  1
0 512 0 ~ 1  1  1  1
64 512 0 ~ 1  1  1  1
128 512 0 tileset.png 0  0  0  0
192 512 1 tileset.png 0  0  64  64
256 512 0 tileset.png 0  0  0  0
320 512 0 tileset.png 0  0  0  0
384 512 0 tileset.png 0  0  0  0
448 512 0 ~ 1  1  1  1
512 512 0 tileset.png 0  0  0  0
576 512 0 tileset.png 0  0  0  0
640 512 0 tileset.png 0  0  0  0
704 512 0 tileset.png 0  0  0  0
768 512 0 tileset.png 0  0  0  0
832 512 0 ~ 1  1  1  1
896 512 0 ~ 1  1  1  1
960 512 0 ~ 1  1  1  1
0 576 0 ~ 1  1  1  1
64 576 0 ~ 1  1  1  1
128 576 1 tileset.png 0  0  64  64
192 576 0 ~ 1  1  1  1
256 576 0 ~ 1  1  1  1
320 576 0 ~ 1  1  1  1
384 576 0 ~ 1  1  1  1
448 576 0 ~ 1  1  1  1
512 576 0 tileset.png 0  0  0  0
576 576 0 tileset.png 0  0  0  0
640 576 0 tileset.png 0  0  0  0
704 576 0 tileset.png 0  0  0  0
768 576 0 tileset.png 0  0  0  0
832 576 0 ~ 1  1  1  1
896 576 0 ~ 1  1  1  1
960 576 0 ~ 1  1  1  1
0 640 0 ~ 1  1  1  1
64 640 0 ~ 1  1  1  1
128 640 1 tileset.png 0  0  64  64
192 640 0 ~ 1  1  1  1
256 640 0 ~ 1  1  1  1
320 640 0 ~ 1  1  1  1
384 640 0 ~ 1  1  1  1
448 640 0 ~ 1  1  1  1
512 640 0 ~ 1  1  1  1
576 640 0 ~ 1  1  1  1
640 640 0 ~ 1  1  1  1
704 640 0 ~ 1  1  1  1
768 640 0 ~ 1  1  1  1
832 640 0 ~ 1  1  1  1
896 640 0 ~ 1  1  1  1
960 640 0 ~ 1  1  1  1
0 704 0 ~ 1  1  1  1
64 704 0 ~ 1  1  1  1
128 704 1 tileset.png 0  0  64  64
192 704 0 ~ 1  1  1  1
256 704 0 ~ 1  1  1  1
320 704 0 ~ 1  1  1  1
384 704 0 ~ 1  1  1  1
448 704 0 ~ 1  1  1  1
512 704 0 ~ 1  1  1  1
576 704 0 ~ 1  1  1  1
640 704 0 ~ 1  1  1  1
704 704 0 ~ 1  1  1  1
768 704 0 ~ 1  1  1  1
832 704 0 ~ 1  1  1  1
896 704 0 ~ 1  1  1  1
960 704 0 ~ 1  1  1  1
TileMapEnd
BackgroundBegin
tree.png 0.75
BackgroundEnd
nonBossEnemySpawnersBegin
basicEnemySpawnerBegin
1 570 312 600 0
1 887 245 600 0
basicEnemySpawnerEnd
turretSpawnerBegin
1 864 510 600 1
1 289 470 600 1
turretSpawnerEnd
omnidirectionalTurretSpawnerBegin
1 420 142 600 2
omnidirectionalTurretSpawnerEnd
nonBossEnemySpawnersEnd
bossEnemySpawnersBegin
basicEnemySpawnerBegin
1 441 256 600 0
1 833 232 600 0
1 822 558 600 0
basicEnemySpawnerEnd
turretSpawnerBegin
turretSpawnerEnd
omnidirectionalTurretSpawnerBegin
1 145 170 600 2
1 810 232 600 2
omnidirectionalTurretSpawnerEnd
bossEnemySpawnersEnd
destructibleBlockBegin
256 128 0
576 128 0
192 128 0
704 512 0
destructibleBlockEnd
PlayerSpawnBegin
1024 1024
PlayerSpawnBegin
